50
3
1 2 3
2 3 5
3 5 6
2 3 4
1 2 3
10
2 3 4 7 10 13 14 17 19 20
5 6 8 11 15 16 20 22 25 28
7 10 11 15 18 19 21 24 27 29
12 14 17 19 23 27 29 32 33 36
11 12 15 18 21 24 26 29 31 34
17 18 22 24 29 32 35 36 39 40
14 17 20 21 26 29 32 35 36 39
8 10 12 15 16 17 21 24 27 29
13 15 19 21 26 29 32 35 37 39
10 13 15 16 21 23 26 29 30 32
3 4 7 10 13 15 17 18 21 24
19 21 25 27 31 33 37 40 42 44
13 15 16 17 24 27 29 32 33 35
16 18 20 24 29 32 35 36 40 41
4 7 8 12 15 17 19 20 24 26
17 21 24 27 30 33 36 39 42 45
20 24 26 29 32 35 39 40 44 47
20 24 28 29 34 36 39 41 45 47
3 4 6 10 12 14 15 18 21 24
3
2 3 4
1 2 3
2 3 4
3 4 5
1 2 3
9
14 17 18 22 24 29 31 33 36
19 24 29 33 41 47 50 52 56
21 25 31 36 45 52 57 61 64
12 16 18 24 27 31 34 36 43
22 30 33 38 50 55 60 66 70
9 12 17 21 26 29 31 35 40
9 12 16 17 18 24 25 30 31
4 9 14 16 19 23 25 28 32
4 9 12 15 16 19 21 22 23
16 21 24 29 30 33 36 38 39
28 35 36 47 51 52 61 66 67
23 31 36 39 53 57 61 67 74
15 17 22 29 34 39 43 47 51
32 40 43 51 52 56 64 70 74
19 26 27 34 38 41 45 50 53
25 31 34 43 45 50 57 60 61
23 29 31 39 42 47 52 55 57
7
8 11 13 15 16 18 20
10 13 15 16 18 20 21
8 12 14 15 16 18 19
6 7 9 12 13 15 16
5 8 10 12 13 15 16
9 12 15 16 18 19 21
1 2 4 5 6 8 10
2 5 6 7 9 11 12
6 10 12 13 14 16 18
7 9 10 13 14 16 18
1 3 4 6 7 8 9
3 5 6 8 10 12 13
4 6 7 9 10 13 15
7
6 7 8 9 10 11 12
6 7 8 9 10 11 12
4 5 6 7 8 9 10
2 3 4 5 6 7 8
5 6 7 8 9 10 11
7 8 9 10 11 12 13
1 2 3 4 5 6 7
3 4 5 6 7 8 9
2 3 4 5 6 7 8
4 5 6 7 8 9 10
1 2 3 4 5 6 7
3 4 5 6 7 8 9
7 8 9 10 11 12 13
7
33 44 75 80 82 123 148
44 51 80 106 125 138 150
10 22 33 50 64 71 94
64 71 107 125 144 167 175
10 14 22 44 69 94 98
22 50 75 82 107 125 140
22 33 50 51 78 99 120
50 60 82 106 119 133 155
94 113 140 150 172 202 225
94 99 123 133 167 190 202
71 74 125 138 163 190 191
98 120 148 155 175 191 225
69 78 82 119 144 163 172
9
1 2 4 6 8 9 10 11 13
2 3 5 8 9 10 11 13 14
8 9 12 13 15 16 18 19 20
2 3 4 7 8 9 11 13 15
6 8 9 12 15 18 20 21 23
4 5 6 8 9 10 13 14 17
11 13 16 18 21 22 25 26 28
6 8 10 11 12 13 14 16 19
3 4 6 10 12 14 15 16 17
13 14 17 19 23 25 26 28 29
12 13 14 16 19 24 25 26 28
9 10 14 16 18 20 22 24 26
14 15 17 19 20 26 27 28 29
10 11 15 17 20 21 24 25 27
5 7 8 11 13 16 17 18 19
1 2 3 5 6 8 10 12 14
10 11 13 14 18 22 24 25 26
7
4 8 9 16 17 20 21
1 3 4 7 10 12 14
14 15 20 24 29 31 38
10 14 17 21 25 28 29
16 19 21 26 32 36 38
12 13 19 23 28 30 36
3 6 8 10 12 13 15
3 6 7 12 14 15 19
6 7 9 13 17 19 20
8 12 16 19 21 23 24
1 3 6 8 10 14 16
7 10 13 19 21 24 26
14 15 20 24 29 30 31
4
32 64 91 92
29 54 79 91
6 46 51 64
2 6 29 46
2 22 28 32
22 46 54 79
28 51 79 89
4
1 2 4 6
4 6 7 9
2 4 6 8
6 7 9 10
4 6 7 9
1 2 4 6
2 4 6 7
10
12 16 19 22 25 28 32 35 36 39
19 22 27 30 32 34 35 38 40 44
6 8 10 15 18 19 22 24 26 28
15 19 22 26 30 33 35 39 40 42
23 26 31 33 36 39 40 42 45 46
10 13 14 19 24 25 30 31 33 34
7 11 12 17 21 24 27 30 31 33
13 18 21 25 28 30 34 37 39 41
12 15 17 19 22 25 26 27 30 32
16 22 25 27 33 34 38 40 42 43
3 6 9 12 14 16 19 21 23 25
19 24 26 30 35 37 40 41 45 48
9 10 12 14 19 21 22 25 26 29
21 24 30 31 35 37 39 40 41 45
22 27 29 32 38 41 44 45 46 50
14 18 21 24 25 28 30 33 35 38
3 6 7 10 12 13 15 16 19 22
6 8 11 13 16 18 19 22 24 27
25 28 33 34 39 41 42 43 48 50
2
2 22
2 22
22 222
3
1 2 4
4 7 11
4 6 7
1 4 6
6 8 11
7
4 6 9 10 12 14 15
9 11 14 15 17 19 20
4 7 9 11 12 14 15
5 8 11 12 14 15 16
1 3 4 5 7 9 11
3 5 7 8 9 11 13
7 9 12 13 16 17 18
11 12 15 17 18 21 22
1 3 4 5 7 9 11
3 5 6 8 9 11 12
9 11 14 15 17 19 21
11 13 15 16 18 20 22
5 8 10 12 13 15 17
3
3 4 5
1 2 3
2 3 4
2 3 4
3 4 5
5
2 4 7 8 10
1 3 5 6 8
3 5 9 10 11
3 4 5 6 8
8 10 11 15 17
6 8 10 13 15
5 7 9 11 12
5 6 11 13 15
1 2 3 5 7
8
2 4 7 10 13 15 16 17
17 19 23 26 30 32 35 40
7 8 13 16 18 20 22 25
4 7 10 12 15 18 20 21
16 21 25 29 31 33 37 40
2 4 5 7 9 11 14 16
14 20 22 26 27 30 34 35
15 16 19 23 26 29 30 33
11 18 20 23 26 29 31 32
7 12 16 18 21 23 25 26
16 18 20 25 29 31 34 37
10 12 14 18 20 23 26 29
13 15 18 21 22 26 27 31
9 15 18 20 22 26 29 30
5 10 13 14 18 19 20 23
5
8 10 11 13 15
6 8 9 12 14
6 8 10 12 13
2 3 4 6 8
4 7 8 9 11
8 10 11 14 15
5 7 8 10 11
2 4 5 6 8
3 6 7 8 10
7
1 2 3 4 5 6 23
1 2 3 4 5 6 22
2 7 8 9 10 11 24
23 24 26 29 30 33 34
6 11 15 18 20 21 33
4 9 13 16 17 18 29
2 7 8 9 10 11 25
22 25 27 28 31 32 34
3 8 12 13 14 15 26
6 11 15 18 20 21 32
5 10 14 17 19 20 30
4 9 13 16 17 18 28
5 10 14 17 19 20 31
4
5 10 17 20
2 6 10 11
11 17 20 22
6 7 10 12
8 12 21 22
2 3 5 8
3 7 14 17
7
6 14 17 21 22 23 25
18 23 25 33 36 39 44
14 19 23 27 28 32 36
10 17 19 24 27 30 33
11 15 17 19 23 24 28
15 22 24 29 33 34 39
17 26 28 32 36 40 44
8 12 14 17 19 22 26
4 8 11 13 14 16 18
14 19 22 27 28 33 36
16 21 23 30 32 34 40
4 5 6 10 14 15 17
5 12 15 16 19 21 23
9
2 5 6 8 12 16 19 21 23
6 10 11 14 15 20 22 25 27
11 14 16 18 20 24 29 32 33
17 19 21 22 25 31 33 40 44
18 20 23 26 30 32 34 44 47
10 12 15 19 20 22 25 30 32
21 24 27 31 32 36 37 48 51
7 8 14 16 18 21 22 26 31
1 2 6 7 11 14 17 18 21
7 11 13 16 19 21 25 26 28
17 21 25 26 32 36 40 44 48
4 6 11 13 16 20 21 23 27
15 19 22 25 29 32 33 34 37
19 23 27 28 33 39 44 47 51
2 5 10 11 14 17 19 20 24
14 17 20 21 22 28 32 36 39
1 2 4 7 10 12 15 17 19
3
2 3 7
7 11 12
2 6 7
7 11 12
3 9 11
6
3 6 9 12 15 18
6 9 14 17 18 25
6 9 14 19 23 27
11 14 17 23 25 29
3 6 11 13 17 21
13 17 19 28 31 36
17 18 22 29 35 37
12 19 23 28 29 31
18 27 29 36 37 39
21 25 30 31 36 39
15 23 25 31 35 36
10
61 62 63 64 65 66 67 68 69 70
71 72 73 74 75 76 77 78 79 80
5 15 25 35 45 55 65 75 85 95
21 22 23 24 25 26 27 28 29 30
1 2 3 4 5 6 7 8 9 10
10 20 30 40 50 60 70 80 90 100
8 18 28 38 48 58 68 78 88 98
6 16 26 36 46 56 66 76 86 96
2 12 22 32 42 52 62 72 82 92
3 13 23 33 43 53 63 73 83 93
81 82 83 84 85 86 87 88 89 90
4 14 24 34 44 54 64 74 84 94
31 32 33 34 35 36 37 38 39 40
51 52 53 54 55 56 57 58 59 60
7 17 27 37 47 57 67 77 87 97
41 42 43 44 45 46 47 48 49 50
1 11 21 31 41 51 61 71 81 91
91 92 93 94 95 96 97 98 99 100
9 19 29 39 49 59 69 79 89 99
2
2 4
6 8
4 8
10
4 12 19 25 26 27 28 29 30 53
3 11 18 19 20 21 22 23 24 51
5 13 20 26 31 32 33 34 35 54
3 11 18 19 20 21 22 23 24 50
7 15 22 28 33 37 40 41 42 59
2 10 11 12 13 14 15 16 17 48
9 17 24 30 35 39 42 44 45 62
6 14 21 27 32 36 37 38 39 56
9 17 24 30 35 39 42 44 45 63
4 12 19 25 26 27 28 29 30 52
47 48 51 52 54 57 59 60 63 64
2 10 11 12 13 14 15 16 17 49
8 16 23 29 34 38 41 43 44 60
6 14 21 27 32 36 37 38 39 57
7 15 22 28 33 37 40 41 42 58
5 13 20 26 31 32 33 34 35 55
46 49 50 53 55 56 58 61 62 64
1 2 3 4 5 6 7 8 9 47
8 16 23 29 34 38 41 43 44 61
7
2 4 7 8 11 12 15
11 12 16 21 24 26 28
11 12 16 18 21 24 25
8 11 15 17 18 21 24
4 7 13 15 16 17 19
4 6 7 9 11 12 14
15 16 19 23 26 28 29
7 10 13 14 15 16 19
12 14 19 24 25 27 29
8 11 15 18 21 23 26
12 15 17 21 23 26 27
7 9 14 17 18 21 23
2 3 4 7 8 11 12
2
6 8
4 8
2 6
3
3 4 5
3 4 5
1 2 3
2 3 4
1 2 3
5
5 8 11 14 17
9 12 17 18 20
5 7 11 13 16
3 4 8 10 12
1 3 5 7 9
3 4 7 9 12
7 9 14 16 18
1 3 5 6 9
9 12 16 18 20
4
3 4 5 7
4 6 8 9
5 8 10 11
6 7 9 11
1 3 4 6
1 3 4 5
4 5 8 10
7
13 15 19 21 25 26 32
12 15 19 21 25 29 30
22 28 29 30 35 37 38
4 8 12 16 17 21 26
16 17 21 23 29 30 34
26 27 32 35 36 38 43
9 14 15 17 19 24 27
19 23 25 29 30 33 36
17 19 25 28 30 35 39
15 20 21 23 28 32 35
4 9 13 15 19 22 23
23 29 30 34 39 41 43
8 14 15 20 23 28 29
10
115 138 167 221 246 266 282 297 318 330
135 162 186 208 229 246 264 298 318 322
98 111 140 165 185 189 225 238 266 272
109 124 149 176 193 212 233 252 282 305
42 43 72 83 107 111 124 142 162 180
21 29 51 54 76 98 109 132 135 136
21 42 60 63 82 92 108 109 115 125
51 72 97 120 137 143 146 148 167 182
29 43 64 79 100 118 125 126 138 161
109 126 148 198 216 238 252 275 298 311
76 107 124 148 151 175 201 216 246 262
60 64 97 103 124 140 149 156 186 195
54 83 103 121 141 163 184 198 221 229
92 118 143 163 175 189 212 213 246 264
108 125 146 184 201 225 233 252 264 267
82 100 137 141 151 185 193 197 229 236
63 79 120 121 148 165 176 179 208 232
136 180 195 232 236 264 267 311 330 334
125 161 182 229 262 272 305 307 322 334
2
5 10
4 5
6 10
5
4 5 7 10 13
7 8 12 15 17
2 5 6 8 10
4 7 9 12 14
5 6 9 11 14
9 10 14 18 21
6 10 11 15 18
1 4 5 7 9
1 2 4 6 8
10
16 17 19 21 22 24 25 28 29 32
5 7 8 10 11 12 15 17 19 21
3 5 7 8 10 11 13 15 17 19
12 13 15 17 18 21 23 25 27 29
14 15 18 20 21 23 25 27 28 30
10 12 14 15 16 19 21 23 24 25
4 5 7 9 11 12 14 15 17 19
8 10 11 14 15 16 18 21 23 25
14 15 17 18 20 23 24 27 28 31
12 14 16 17 18 20 23 24 25 26
10 11 12 16 17 19 20 23 24 26
16 17 19 21 23 24 27 28 29 32
6 8 10 12 13 15 17 20 21 22
2 4 5 6 8 10 12 14 16 17
7 9 10 12 14 16 17 18 21 22
2 3 5 7 8 10 12 14 16 17
5 7 8 10 12 14 16 18 19 21
8 11 12 13 15 17 18 20 22 24
17 19 21 22 25 26 29 31 32 33
2
22 222
22 222
2 22
3
1 3 4
3 5 6
3 5 6
4 6 7
1 3 5
4
9 10 13 16
3 5 6 8
7 8 13 16
2 3 6 9
4 6 10 13
6 7 10 13
2 3 4 7
10
12 14 17 20 21 23 25 28 30 34
3 4 6 9 12 15 18 19 22 24
22 24 27 31 33 35 37 39 45 47
3 5 6 9 12 13 16 18 21 22
18 21 24 26 28 29 37 38 39 41
6 9 11 14 17 18 21 24 26 28
4 6 9 11 13 16 17 21 23 26
15 16 20 22 23 24 26 29 31 36
22 26 28 31 34 36 41 43 47 51
9 12 13 17 18 19 24 26 27 31
12 13 17 18 21 23 29 32 33 34
18 21 23 26 29 32 35 37 39 41
24 25 30 32 34 37 38 41 48 51
9 11 14 17 20 22 26 28 31 32
13 16 18 19 23 24 32 34 35 37
5 6 9 12 14 16 21 22 24 25
16 17 21 24 25 26 35 36 37 38
21 23 26 27 30 31 39 42 45 48
19 22 25 28 32 34 36 38 42 43
2
10 13
5 10
5 10
4
1 2 3 8
7 9 11 13
3 5 6 12
3 5 6 11
8 10 12 13
2 4 5 9
1 2 3 7
4
1 2 3 4
3 4 5 6
4 5 6 7
2 3 4 5
3 4 5 6
2 3 4 5
4 5 6 7
2
2 4
6 8
2 6
10
3 4 5 6 7 8 9 10 11 12
10 11 12 13 14 15 16 17 18 19
1 2 3 4 5 6 7 8 9 10
9 10 11 12 13 14 15 16 17 18
6 7 8 9 10 11 12 13 14 15
4 5 6 7 8 9 10 11 12 13
7 8 9 10 11 12 13 14 15 16
5 6 7 8 9 10 11 12 13 14
2 3 4 5 6 7 8 9 10 11
3 4 5 6 7 8 9 10 11 12
7 8 9 10 11 12 13 14 15 16
5 6 7 8 9 10 11 12 13 14
10 11 12 13 14 15 16 17 18 19
8 9 10 11 12 13 14 15 16 17
9 10 11 12 13 14 15 16 17 18
6 7 8 9 10 11 12 13 14 15
4 5 6 7 8 9 10 11 12 13
1 2 3 4 5 6 7 8 9 10
2 3 4 5 6 7 8 9 10 11
2
2 4
4 8
2 6
7
4 11 18 25 32 39 46
2 9 16 23 30 37 44
3 10 17 24 31 38 45
5 12 19 26 33 40 47
1 8 15 22 29 36 43
22 23 24 25 26 27 28
36 37 38 39 40 41 42
8 9 10 11 12 13 14
43 44 45 46 47 48 49
7 14 21 28 35 42 49
6 13 20 27 34 41 48
1 2 3 4 5 6 7
29 30 31 32 33 34 35
4
3 7 11 15
4 8 12 16
13 14 15 16
1 2 3 4
2 6 10 14
1 5 9 13
5 6 7 8
