100
1 4 2
1 7 7
2 5 1
16 3 1
1 7 5
20 20 10
9 8 3
3 20 3
19 4 1
2 18 3
16 2 1
3 2 1
2 12 4
19 18 18
15 9 9
18 14 4
18 8 8
1 10 9
15 7 6
4 4 4
10 16 5
2 5 3
1 7 7
14 17 1
6 9 3
7 11 3
20 1 1
10 20 20
9 2 2
20 6 4
1 6 3
15 9 3
12 19 16
14 10 7
1 6 1
13 1 1
1 7 1
1 7 2
1 6 2
5 10 10
12 5 1
5 7 6
20 10 1
1 7 6
1 20 10
10 20 10
15 15 2
20 20 1
1 7 4
1 7 3
12 10 7
8 20 14
1 18 14
6 16 9
19 13 4
9 7 2
18 14 2
20 4 1
10 20 1
1 20 20
19 9 6
2 13 2
16 7 6
20 10 5
13 13 5
5 8 2
1 6 6
5 15 4
5 4 2
8 11 8
14 15 8
20 20 20
8 2 2
15 16 1
18 1 1
11 16 6
11 20 15
6 11 8
12 11 2
14 4 3
16 17 3
11 14 8
12 10 2
1 6 5
13 15 3
10 17 5
7 15 10
17 16 4
8 7 2
1 20 1
1 6 4
17 19 9
5 19 9
12 8 7
2 15 15
13 13 7
1 5 3
20 10 10
6 3 3
14 5 1
